18 0.071875 0.49453125 0.0640625 0.3421875
29 0.13671875 0.4890625 0.05625 0.33125
10 0.19140625 0.49296875 0.046875 0.31875
10 0.24140625 0.4921875 0.0453125 0.33125
15 0.31796875 0.49375 0.059375 0.359375
15 0.540625 0.49140625 0.0515625 0.328125
35 0.3765625 0.5 0.05625 0.346875
31 0.4828125 0.48828125 0.05625 0.35
23 0.6046875 0.4859375 0.0625 0.3171875
27 0.6640625 0.49453125 0.0484375 0.321875
7 0.76953125 0.4890625 0.05 0.3375
0 0.821875 0.48671875 0.04375 0.3203125
4 0.8703125 0.50546875 0.046875 0.3296875
8 0.9203125 0.4890625 0.0453125 0.33125