1 0.904413145539906 0.43533333333333335 0.07032863849765258 0.49333333333333335
0 0.32812206572769953 0.4646666666666667 0.07244131455399061 0.5025
5 0.412300469483568 0.4395 0.07502347417840376 0.5018333333333334
10 0.821830985915493 0.4233333333333333 0.07098591549295774 0.455
6 0.7353990610328638 0.431 0.07596244131455399 0.5131666666666667
6 0.6250704225352112 0.22033333333333335 0.00107981220657277 0.035833333333333335
5 0.6528169014084507 0.44766666666666666 0.07976525821596243 0.4968333333333333
32 0.5702347417840375 0.4445 0.0771830985915493 0.4975
17 0.49258215962441315 0.44766666666666666 0.07582159624413144 0.44016666666666665
18 0.24539906103286385 0.4488333333333333 0.08286384976525821 0.5061666666666667
23 0.16028169014084506 0.43716666666666665 0.08046948356807512 0.48983333333333334